xof 0303txt 0032
// Exported by ParaEngine X file exporter V0.2
ParaXHeader header{
112,97,114,97;
1,0,0,0;
1;
0;
-0.499673;-0.516130;-0.500000;;
0.500327;0.483870;0.500000;;
3;
}
Mesh mesh_object{
18; // 18 vertices 
-0.499673;0.483870;-0.500000;,
0.500327;0.483870;0.500000;,
-0.499673;0.483870;0.500000;,
0.500327;0.483870;-0.500000;,
-0.499673;-0.516130;0.500000;,
-0.499673;0.483870;-0.500000;,
-0.499673;-0.516130;-0.500000;,
-0.499673;-0.516130;-0.500000;,
0.500327;0.483870;-0.500000;,
-0.499673;0.483870;-0.500000;,
0.500327;-0.516130;-0.500000;,
0.500327;-0.516130;-0.500000;,
0.500327;0.483870;-0.500000;,
0.500327;-0.516130;0.500000;,
0.500327;-0.516130;0.500000;,
-0.499673;0.483870;0.500000;,
0.500327;0.483870;0.500000;,
-0.499673;-0.516130;0.500000;;

10; // 10 faces 
3;0,1,2;,
3;1,0,3;,
3;4,5,2;,
3;5,4,6;,
3;7,8,9;,
3;8,7,10;,
3;11,1,12;,
3;1,11,13;,
3;14,15,16;,
3;15,14,17;;

MeshNormals {
18; // 18 normals 
0.000000;-1.000000;0.000000;,
0.000000;-1.000000;0.000000;,
0.000000;-1.000000;0.000000;,
0.000000;-1.000000;0.000000;,
1.000000;0.000000;0.000000;,
1.000000;0.000000;0.000000;,
1.000000;0.000000;0.000000;,
0.000000;0.000000;1.000000;,
0.000000;0.000000;1.000000;,
0.000000;0.000000;1.000000;,
0.000000;0.000000;1.000000;,
-1.000000;0.000000;0.000000;,
-1.000000;0.000000;0.000000;,
-1.000000;0.000000;0.000000;,
0.000000;0.000000;-1.000000;,
0.000000;0.000000;-1.000000;,
0.000000;0.000000;-1.000000;,
0.000000;0.000000;-1.000000;;

10; // 10 faces 
3;0,1,2;,
3;1,0,3;,
3;4,5,2;,
3;5,4,6;,
3;7,8,9;,
3;8,7,10;,
3;11,1,12;,
3;1,11,13;,
3;14,15,16;,
3;15,14,17;;
}
MeshMaterialList {
 5; // Number of unique materials
 10; // Number of faces
0,0,1,1,2,2,3,3,4,4;;
Material {
1.000000;1.000000;1.000000;1.000000;;
0.0;
0.900000;0.900000;0.900000;;
1.000000;0.000000;0.000000;;
TextureFilename {"model/skybox/skybox15/sky05.dds";}
}
Material {
1.000000;1.000000;1.000000;1.000000;;
0.0;
0.900000;0.900000;0.900000;;
1.000000;0.000000;0.000000;;
TextureFilename {"model/skybox/skybox15/sky04.dds";}
}
Material {
1.000000;1.000000;1.000000;1.000000;;
0.0;
0.900000;0.900000;0.900000;;
1.000000;0.000000;0.000000;;
TextureFilename {"model/skybox/skybox15/sky03.dds";}
}
Material {
1.000000;1.000000;1.000000;1.000000;;
0.0;
0.900000;0.900000;0.900000;;
1.000000;0.000000;0.000000;;
TextureFilename {"model/skybox/skybox15/sky02.dds";}
}
Material {
1.000000;1.000000;1.000000;1.000000;;
0.0;
0.900000;0.900000;0.900000;;
1.000000;0.000000;0.000000;;
TextureFilename {"model/skybox/skybox15/sky01.dds";}
}
}// materials
MeshTextureCoords {
18; // 18 UV
0.005000;0.995049;,
0.995049;0.004950;,
0.005000;0.004950;,
0.995049;0.995049;,
0.005000;0.995049;,
0.995049;0.004950;,
0.995049;0.995049;,
0.005000;0.995049;,
0.995049;0.004950;,
0.005000;0.004950;,
0.995049;0.995049;,
0.005000;0.995049;,
0.005000;0.004950;,
0.995049;0.995049;,
0.005000;0.995049;,
0.995049;0.004950;,
0.005000;0.004950;,
0.995049;0.995049;;
}// UV
}// mesh
