xof 0303txt 0032
// Exported by ParaEngine X file exporter V0.2
ParaXHeader header{
112,97,114,97;
1,0,0,0;
1;
0;
-0.026698;-0.501000;-0.500000;;
0.500000;0.500000;0.026698;;
3;
}
Mesh mesh_object{
48; // 48 vertices 
-0.026698;-0.501000;-0.500000;,
0.026698;-0.501000;0.023305;,
-0.026698;-0.501000;0.023305;,
0.026698;-0.501000;-0.500000;,
-0.026698;0.500000;-0.500000;,
0.026698;0.500000;0.023305;,
0.026698;0.500000;-0.500000;,
-0.026698;0.500000;0.023305;,
-0.026698;-0.501000;-0.500000;,
0.026698;0.500000;-0.500000;,
0.026698;-0.501000;-0.500000;,
-0.026698;0.500000;-0.500000;,
0.026698;-0.501000;-0.500000;,
0.026698;0.500000;0.023305;,
0.026698;-0.501000;0.023305;,
0.026698;0.500000;-0.500000;,
0.026698;-0.501000;0.023305;,
-0.026698;0.500000;0.023305;,
-0.026698;-0.501000;0.023305;,
0.026698;0.500000;0.023305;,
-0.026698;-0.501000;0.023305;,
-0.026698;0.500000;-0.500000;,
-0.026698;-0.501000;-0.500000;,
-0.026698;0.500000;0.023305;,
0.000000;-0.501000;0.026698;,
0.500000;-0.501000;-0.026698;,
0.500000;-0.501000;0.026698;,
0.000000;-0.501000;-0.026698;,
0.000000;0.500000;0.026698;,
0.500000;0.500000;-0.026698;,
0.000000;0.500000;-0.026698;,
0.500000;0.500000;0.026698;,
0.000000;-0.501000;0.026698;,
0.000000;0.500000;-0.026698;,
0.000000;-0.501000;-0.026698;,
0.000000;0.500000;0.026698;,
0.000000;-0.501000;-0.026698;,
0.500000;0.500000;-0.026698;,
0.500000;-0.501000;-0.026698;,
0.000000;0.500000;-0.026698;,
0.500000;-0.501000;-0.026698;,
0.500000;0.500000;0.026698;,
0.500000;-0.501000;0.026698;,
0.500000;0.500000;-0.026698;,
0.500000;-0.501000;0.026698;,
0.000000;0.500000;0.026698;,
0.000000;-0.501000;0.026698;,
0.500000;0.500000;0.026698;;

24; // 24 faces 
3;0,1,2;,
3;1,0,3;,
3;4,5,6;,
3;5,4,7;,
3;8,9,10;,
3;9,8,11;,
3;12,13,14;,
3;13,12,15;,
3;16,17,18;,
3;17,16,19;,
3;20,21,22;,
3;21,20,23;,
3;24,25,26;,
3;25,24,27;,
3;28,29,30;,
3;29,28,31;,
3;32,33,34;,
3;33,32,35;,
3;36,37,38;,
3;37,36,39;,
3;40,41,42;,
3;41,40,43;,
3;44,45,46;,
3;45,44,47;;

MeshNormals {
48; // 48 normals 
0.000000;-1.000000;0.000000;,
0.000000;-1.000000;0.000000;,
0.000000;-1.000000;0.000000;,
0.000000;-1.000000;0.000000;,
0.000000;1.000000;0.000000;,
0.000000;1.000000;0.000000;,
0.000000;1.000000;0.000000;,
0.000000;1.000000;0.000000;,
-0.000000;0.000000;-1.000000;,
-0.000000;0.000000;-1.000000;,
-0.000000;0.000000;-1.000000;,
-0.000000;-0.000000;-1.000000;,
1.000000;-0.000000;0.000000;,
1.000000;-0.000000;0.000000;,
1.000000;-0.000000;0.000000;,
1.000000;-0.000000;0.000000;,
0.000000;-0.000000;1.000000;,
0.000000;-0.000000;1.000000;,
0.000000;-0.000000;1.000000;,
0.000000;-0.000000;1.000000;,
-1.000000;-0.000000;-0.000000;,
-1.000000;-0.000000;-0.000000;,
-1.000000;-0.000000;-0.000000;,
-1.000000;-0.000000;-0.000000;,
0.000000;-1.000000;-0.000000;,
0.000000;-1.000000;-0.000000;,
0.000000;-1.000000;-0.000000;,
0.000000;-1.000000;-0.000000;,
0.000000;1.000000;0.000000;,
0.000000;1.000000;0.000000;,
0.000000;1.000000;0.000000;,
0.000000;1.000000;0.000000;,
-1.000000;0.000000;0.000005;,
-1.000000;0.000000;0.000005;,
-1.000000;0.000000;0.000005;,
-1.000000;0.000000;0.000005;,
-0.000000;0.000000;-1.000000;,
-0.000000;0.000000;-1.000000;,
-0.000000;0.000000;-1.000000;,
-0.000000;0.000000;-1.000000;,
1.000000;-0.000002;-0.000005;,
1.000000;-0.000002;-0.000005;,
1.000000;-0.000002;-0.000005;,
1.000000;-0.000002;-0.000005;,
-0.000000;0.000000;1.000000;,
-0.000000;0.000000;1.000000;,
-0.000000;0.000000;1.000000;,
-0.000000;0.000000;1.000000;;

24; // 24 faces 
3;0,1,2;,
3;1,0,3;,
3;4,5,6;,
3;5,4,7;,
3;8,9,10;,
3;9,8,11;,
3;12,13,14;,
3;13,12,15;,
3;16,17,18;,
3;17,16,19;,
3;20,21,22;,
3;21,20,23;,
3;24,25,26;,
3;25,24,27;,
3;28,29,30;,
3;29,28,31;,
3;32,33,34;,
3;33,32,35;,
3;36,37,38;,
3;37,36,39;,
3;40,41,42;,
3;41,40,43;,
3;44,45,46;,
3;45,44,47;;
}
MeshMaterialList {
 1; // Number of unique materials
 24; // Number of faces
0,0,0,0,0,0,0,0,0,0,0,0,0,0,0,0,0,0,0,0,0,0,0,0;;
Material {
0.588000;0.588000;0.588000;1.000000;;
3000.0;
0.900000;0.900000;0.900000;;
1.000000;0.000000;0.000000;;
TextureFilename {"Texture/blocks/iron_bars.png;2";}
}
}// materials
MeshTextureCoords {
48; // 48 UV
0.989706;-0.000000;,
0.477046;0.014967;,
0.477175;0.000001;,
0.989479;0.014967;,
0.989706;-1.000000;,
0.477221;-1.020441;,
0.989752;-1.020442;,
0.477175;-1.000000;,
0.949671;-0.010294;,
0.986902;-0.989706;,
0.986902;-0.010294;,
0.949671;-0.989706;,
0.989706;-0.010294;,
0.477175;-0.989706;,
0.477175;-0.010293;,
0.989706;-0.989706;,
0.949671;-0.010293;,
0.986902;-0.989706;,
0.986902;-0.010293;,
0.949671;-0.989706;,
0.477175;0.000001;,
0.989706;-1.000000;,
0.989706;-0.000000;,
0.477175;-1.000000;,
0.500000;-0.000000;,
0.010254;0.014967;,
0.010294;-0.000000;,
0.499867;0.014950;,
0.500000;-0.999998;,
0.010340;-1.020442;,
0.500046;-1.020442;,
0.010294;-1.000000;,
0.949654;-0.010298;,
0.986886;-0.989711;,
0.986886;-0.010298;,
0.949654;-0.989711;,
0.500000;-0.010294;,
0.010294;-0.989706;,
0.010294;-0.010294;,
0.500000;-0.989715;,
0.949671;-0.010294;,
0.986902;-0.989706;,
0.986902;-0.010294;,
0.949671;-0.989706;,
0.010294;-0.000000;,
0.500000;-0.999998;,
0.500000;-0.000000;,
0.010294;-1.000000;;
}// UV
}// mesh
